valid,0.5522,0.8436,0.12380000000000002,0.1774,1.0,1.0,1.0
unique@1000,0.997,0.994,1.0,1.0,1.0,0.991,1.0
unique@10000,0.9934806229626947,0.9649122807017544,1.0,1.0,1.0,0.991,1.0
FCD/Test,9.906736833657305,0.7600234723720121,6.0675955318757815,61.62236078128337,26.691045088651627,25.689819863349733,27.119273416403693
SNN/Test,0.38299560369313174,0.43451458204408683,0.37818787407027693,0.2517250820977578,0.2620762595236301,0.30217968548834323,0.2515978878736496
Frag/Test,0.8681488045498463,0.9983881320426397,0.9828680661842041,0.7614645840846374,0.9674880715990077,0.944620112258993,0.9569324872323214
Scaf/Test,0.4105993364486755,0.57087500463979,0.42015360007650027,0.045469612761736666,0.0,0.0,0.0
FCD/TestSF,11.767471050150334,1.2278360203964382,7.287778985219347,63.22169215766911,27.72990669440304,26.69391217337367,28.140209445307484
SNN/TestSF,0.3704502530954576,0.4259620158133376,0.37069386958787054,0.23352509849571457,0.25702741838991644,0.29774238501489164,0.24783911219239235
Frag/TestSF,0.8594286108057827,0.9969346132850965,0.9788607234023705,0.7487509344966526,0.9635322785034459,0.9395715834225027,0.95350814233494
Scaf/TestSF,0.060618852412418156,0.0587494078893398,0.04144418039683273,0.0,0.000455383027710754,0.00037263099480444595,0.00015194713007005145
IntDiv,0.8402007137216597,0.8528581687173927,0.8523864567286505,0.6360299256265789,0.8498473729782104,0.8322229353256225,0.8571374318466186
IntDiv2,0.8308235759477456,0.846244345034081,0.8425401651745615,0.6297075764529476,0.8434058336400696,0.8235428676882399,0.8505596956951941
Filters,0.8656283955088736,0.9860123281175913,0.8255250403877221,0.8399098083427283,0.591,0.992,0.577
logP,0.18766344042526262,0.005110714350386569,0.10985590750136565,51.76003630958455,0.9266198416113034,0.4867144235243708,0.6629325783318007
SA,0.05957540704872211,0.0002775909155035561,0.1835429120149661,5.03233046190874,5.476850956983361,2.035381433522465,6.352542163177277
QED,0.007775682380608665,4.6721563573572794e-05,0.0017816214038697993,0.6192110471582501,0.03707504369379823,0.011418640888965163,0.03346951882194518
NP,0.19394615546625027,0.0019256080944021203,0.307925056539348,2.597069296804361,3.1446207229439054,2.238401862106322,3.4791347358365705
weight,115.19302535038332,3.0870977315641994,223.27267183541016,777153.0658869233,4783.429352490696,635.2055242615288,3566.8497075323708
